La base de datos usada está disponible en:

http://www.inegi.org.mx/est/contenidos/proyectos/cn/cons_priv/default.aspx

Es la tabla llamada "Indicador Mensual del Consumo Privado en el Mercado Interior, cifras originales: Índice histórico".

Año	Ene	Feb	Mar	Abr	May	Jun	Jul	Ago	Sep	Oct	Nov	Dic	Anual
1993	60.1	60.6	64.4	61.4	62.2	63.7	62.7	62.4	62.7	64.9	65.8	69	63.3
1994	62.6	62.1	66.2	65.2	65.6	67	65	67.1	65.8	69.6	70.1	70.1	66.4
1995	61.9	60	63.4	59	60.4	61.7	60.2	61.7	59.9	62.6	63.9	65.7	61.7
1996	62.3	61	64.6	61.5	63.1	63	63.9	64	62.4	67.3	67.9	69.1	64.2
1997	64.9	63.6	65.1	67.1	66.6	67.3	67.7	67.4	66.5	71.5	71.2	73	67.7
1998	68	67.3	72.6	69	70.8	71.8	72.1	71.3	70.4	74.2	74.2	76.3	71.5
1999	70.2	69.2	74.9	71.6	72.8	74.6	75	74.6	74.3	77.2	78.6	80.7	74.5
2000	74.2	74.6	79.2	74.4	78.6	79.6	78.6	79.3	78.2	82.2	83.2	82.3	78.7
2001	77.4	75.1	81.2	76.3	79.8	81.5	79.6	81.1	78.4	84.1	83.7	83.3	80.1
2002	78	75.6	79.6	82	81.7	80.9	82	82	79.6	85.6	83.8	83.8	81.2
2003	79.2	77.1	81.2	79.6	80.9	81.2	82.2	81.2	81.4	86.2	84.8	88.2	81.9
2004	80.7	81.6	87.5	82.7	84.6	86	86.6	87.2	86.3	89.8	92.9	93.1	86.6
2005	86.2	85	88.6	88.9	89.3	89.2	88.4	91.7	90.6	93.6	95.9	96.3	90.3
2006	90.1	88.8	95	90.4	95.7	95.4	93.3	97.2	95	100.1	101.5	100.1	95.2
2007	94.1	92.2	98.5	93.5	98.3	98	96.5	100.6	96.5	104	104.1	101.3	98.1
2008	98.6	97.8	97.6	99.7	100.7	100.1	101.4	100.5	99	103.7	100.9	100	100
2009	90.7	88.5	93.3	89.5	89	92.1	93.8	94.6	93.7	98.8	99.5	102.1	93.8
2010	93.5	92.2	98.3	95	96.9	98.5	98.3	99.7	99.1	103.1	106.2	106.4	98.9
2011	97.7	95.7	102.9	98	101.4	102.3	102.6	107.2	105.1	108.4	110.7	110.2	103.5
2012	106.5	104.6	107.7	102.6	107	107.4	109.4	110.3	106.1	114	115.9	112.3	108.6
2013	111	106.2	106.9	109	110.8	107.9	113.5	112.2	107.8	116	115.4	114.2	110.9
2014	111.9	106.5	110.2	109.7	112.7	110.4	115.1	114	111.7	119.8	118	117.4	113.1
2015	115.1	109.4	114.7	112	115.5	115.9	118.3	117.9	115.9	123.7		

Esta tabla fue consultada el 14-Enero-2016


